24 88
24 19
24 0
88 86
88 47
26 85
26 94
26 50
85 96
85 49
1 86
1 46
1 20
86 98
94 17
94 72
90 97
90 35
90 30
97 78
97 49
72 91
72 45
91 66
91 56
18 99
18 64
18 36
99 44
99 63
55 93
55 59
55 71
93 11
93 41
54 95
54 66
54 70
95 21
95 53
3 22
3 65
3 80
22 16
22 12
10 70
10 51
10 11
70 63
5 28
5 53
5 40
28 39
28 21
75 81
75 30
75 84
81 14
81 15
40 59
40 38
59 69
17 89
17 34
15 23
15 11
23 53
23 82
16 41
16 25
7 19
7 69
7 39
19 58
6 20
6 29
6 80
20 46
35 14
35 2
9 56
9 73
9 47
56 77
30 74
43 87
43 68
43 92
87 44
87 48
8 32
8 34
8 27
32 96
32 44
62 67
62 14
62 29
67 78
67 36
79 83
79 27
79 48
83 52
83 38
96 33
4 25
4 89
4 68
25 51
48 58
58 64
89 73
52 57
52 65
69 21
34 84
73 78
27 65
46 60
12 13
12 0
13 80
13 84
57 63
57 82
39 68
51 45
29 37
60 64
60 49
50 98
50 33
66 77
77 76
41 71
71 42
33 76
76 42
45 61
61 31
61 98
2 74
2 37
37 38
47 74
42 92
92 36
0 31
31 82
