36 62 12
36 50 26
36 49 34
62 83 51
62 23 89
24 42 62
24 73 2
24 86 77
42 88 94
42 46 64
70 73 18
70 93 67
70 41 15
73 38 73
64 87 94
64 71 23
64 15 2
87 57 63
87 59 19
5 19 2
5 3 21
5 52 52
19 23 65
19 0 79
32 67 62
32 75 41
32 63 70
67 44 67
67 10 84
60 83 54
60 44 44
60 30 72
83 55 21
51 80 100
51 84 55
51 52 58
80 26 40
80 71 86
12 43 28
12 7 34
12 69 93
43 17 89
43 1 20
3 40 74
3 30 28
40 58 11
40 28 98
6 11 3
6 86 43
6 78 3
11 93 69
11 95 65
4 57 39
4 25 75
4 58 3
57 21 20
18 74 60
18 53 66
18 41 67
74 27 80
74 29 61
79 90 41
79 84 49
79 13 18
90 69 86
90 15 23
71 48 70
34 76 28
34 94 59
34 98 66
76 37 63
76 59 99
94 55 47
94 2 44
21 22 72
21 92 79
38 25 99
38 15 36
26 20 6
26 10 35
7 66 29
7 20 76
8 96 41
8 29 10
8 0 80
96 14 18
96 85 60
50 56 19
50 86 44
56 82 5
56 61 93
25 45 84
45 63 84
45 14 29
47 75 89
47 81 25
47 22 12
75 93 60
46 61 69
46 82 99
61 41 68
69 77 86
84 85 24
16 72 12
16 37 97
16 91 44
72 63 17
72 89 57
48 88 94
48 97 81
88 68 45
97 2 61
97 98 1
20 9 92
37 95 90
2 54 15
54 78 36
54 68 76
53 33 55
53 81 68
17 39 13
17 33 91
39 78 88
39 33 55
9 44 65
9 31 3
52 55 12
82 27 24
29 49 88
49 81 23
30 99 55
58 23 9
10 77 24
68 95 88
14 66 47
89 99 99
89 65 93
99 91 93
66 31 53
22 1 7
27 13 68
98 92 8
35 59 65
35 91 95
35 28 16
85 92 3
1 77 54
28 65 70
65 0 54
31 13 37
