52 58
52 12
52 75
58 48
58 49
2 39
2 22
2 7
39 77
39 20
59 73
59 18
59 87
73 34
73 98
53 87
53 18
53 93
87 27
0 51
0 9
0 93
51 56
51 55
23 25
23 11
23 79
25 97
25 16
5 19
5 13
5 8
19 45
19 72
31 38
31 76
31 54
38 20
38 6
20 85
11 48
11 13
12 81
12 30
15 69
15 71
15 66
69 56
69 96
18 65
65 24
65 84
41 97
41 67
41 89
97 17
16 86
16 75
86 83
86 56
34 67
34 50
67 35
50 63
50 43
63 29
63 26
64 80
64 82
64 70
80 14
80 89
37 72
37 35
37 10
72 78
77 83
77 89
83 42
3 88
3 81
3 74
88 30
88 26
66 71
66 35
71 42
60 85
60 33
60 99
85 79
24 62
24 47
32 96
32 57
32 33
96 46
33 95
95 61
95 10
7 76
7 9
76 91
90 92
90 55
90 49
92 55
92 21
82 94
82 27
30 68
68 21
68 26
29 36
29 1
36 4
36 43
81 48
9 62
6 43
6 94
61 4
61 44
21 79
10 94
4 22
46 91
46 93
91 45
74 28
74 98
14 28
14 1
28 54
75 78
78 84
42 47
47 13
45 17
98 1
62 54
57 99
57 40
22 70
70 8
27 44
44 40
8 40
49 84
17 99
